"hdi" "lifebirth" "edutime" "meanedu" "gni" "gnirhdir" "teenbirth" "edu2F" "edu2M" "labF" "labM" "meaneduratio"
"Norway" 0.944 81.6 17.5 12.6 "64,992" 5 7.8 97.4 96.7 61.2 68.7 0.72
"Australia" 0.935 82.4 20.2 13 "42,261" 17 12.1 94.3 94.6 58.8 71.8 0.643564356435644
"Switzerland" 0.93 83 15.8 12.8 "56,431" 6 1.9 95 96.6 61.8 74.9 0.810126582278481
"Denmark" 0.923 80.2 18.7 12.7 "44,025" 11 5.1 95.5 96.6 58.7 66.4 0.679144385026738
"Netherlands" 0.922 81.6 17.9 11.9 "45,435" 9 6.2 87.7 90.5 58.5 70.6 0.664804469273743
"Germany" 0.916 80.9 16.5 13.1 "43,919" 11 3.8 96.3 97 53.6 66.4 0.793939393939394
"Ireland" 0.916 80.9 18.6 12.2 "39,568" 16 8.2 80.5 78.6 53.1 68.1 0.655913978494624
"United States" 0.915 79.1 16.5 12.9 "52,947" 3 31 95.1 94.8 56.3 68.9 0.781818181818182
"Canada" 0.913 82 15.9 13 "42,155" 11 14.5 100 100 61.6 71 0.817610062893082
"New Zealand" 0.913 81.8 19.2 12.5 "32,689" 23 25.3 95 95.3 62 73.8 0.651041666666667
"Singapore" 0.912 83 15.4 10.6 "76,628" -7 6 74.1 81 58.8 77.2 0.688311688311688
"Hong Kong, China (SAR)" 0.91 84 15.6 11.2 "53,959" -2 3.3 72.2 79.2 51.3 67.8 0.717948717948718
"Sweden" 0.907 82.2 15.8 12.1 "45,636" -1 6.5 86.5 87.3 60.3 67.9 0.765822784810127
"United Kingdom" 0.907 80.7 16.2 13.1 "39,267" 9 25.8 99.8 99.9 55.7 68.7 0.808641975308642
"Iceland" 0.899 82.6 19 10.6 "35,182" 12 11.5 91 91.6 70.5 77.4 0.557894736842105
"Korea (Republic of)" 0.898 81.9 16.9 11.9 "33,890" 13 2.2 77 89.1 50.1 72.1 0.70414201183432
"Israel" 0.894 82.4 16 12.5 "30,676" 16 7.8 84.4 87.3 57.9 69.1 0.78125
"Luxembourg" 0.892 81.7 13.9 11.7 "58,711" -11 8.3 100 100 50.7 64.6 0.841726618705036
"Japan" 0.891 83.5 15.3 11.5 "36,927" 7 5.4 87 85.8 48.8 70.4 0.751633986928105
"Belgium" 0.89 80.8 16.3 11.3 "41,187" 0 6.7 77.5 82.9 47.5 59.3 0.693251533742331
"France" 0.888 82.2 16 11.1 "38,056" 4 5.7 78 83.2 50.7 61.6 0.69375
"Austria" 0.885 81.4 15.7 10.8 "43,869" -5 4.1 100 100 54.6 67.7 0.687898089171975
"Finland" 0.883 80.8 17.1 10.3 "38,695" 0 9.2 100 100 55.7 64 0.60233918128655
"Slovenia" 0.88 80.4 16.8 11.9 "27,852" 12 0.6 95.8 98 52.3 63.2 0.708333333333333
"Spain" 0.876 82.6 17.3 9.6 "32,045" 7 10.6 66.8 73.1 52.5 65.8 0.554913294797688
"Italy" 0.873 83.1 16 10.1 "33,030" 4 4 71.2 80.5 39.6 59.5 0.63125
"Czech Republic" 0.87 78.6 16.4 12.3 "26,660" 10 4.9 99.9 99.7 51.1 68.3 0.75
"Greece" 0.865 80.9 17.6 10.3 "24,524" 14 11.9 59.5 67 44.2 62.5 0.585227272727273
"Estonia" 0.861 76.8 16.5 12.5 "25,214" 12 16.8 100 100 56.2 68.9 0.757575757575758
"Brunei Darussalam" 0.856 78.8 14.5 8.8 "72,570" -26 23 63.9 67.8 52.6 75.3 0.606896551724138
"Cyprus" 0.85 80.2 14 11.6 "28,633" 3 5.5 76 81.7 56 71.1 0.828571428571429
"Qatar" 0.85 78.2 13.8 9.1 "123,124" -31 9.5 66.7 59 50.8 95.5 0.659420289855072
"Slovakia" 0.844 76.3 15.1 12.2 "25,845" 5 15.9 99.1 99.5 51.1 68.6 0.80794701986755
"Poland" 0.843 77.4 15.5 11.8 "23,177" 10 12.2 79.4 85.5 48.9 64.9 0.761290322580645
"Lithuania" 0.839 73.3 16.4 12.4 "24,500" 7 10.6 89.1 94.3 55.8 67.3 0.75609756097561
"Malta" 0.839 80.6 14.4 10.3 "27,930" -1 18.2 68.6 78.2 37.9 66.3 0.715277777777778
"Saudi Arabia" 0.837 74.3 16.3 8.7 "52,821" -27 10.2 60.5 70.3 20.2 78.3 0.533742331288343
"Argentina" 0.836 76.3 17.9 9.8 "22,050" 11 54.4 56.3 57.6 47.5 75 0.547486033519553
"United Arab Emirates" 0.835 77 13.3 9.5 "60,868" -34 27.6 73.1 61.2 46.5 92 0.714285714285714
"Chile" 0.832 81.7 15.2 9.8 "21,290" 11 55.3 73.3 76.4 49.2 74.8 0.644736842105263
"Portugal" 0.83 80.9 16.3 8.2 "25,757" -2 12.6 47.7 48.2 54.9 66.2 0.503067484662577
"Hungary" 0.828 75.2 15.4 11.6 "22,916" 3 12.1 97.9 98.7 44.8 60 0.753246753246753
"Bahrain" 0.824 76.6 14.4 9.4 "38,599" -20 13.8 56.7 51.4 39.2 86.9 0.652777777777778
"Latvia" 0.819 74.2 15.2 11.5 "22,281" 4 13.5 98.9 99 54.9 67.6 0.756578947368421
"Croatia" 0.818 77.3 14.8 11 "19,409" 11 12.7 85 93.6 44.7 58.4 0.743243243243243
"Kuwait" 0.816 74.4 14.7 7.2 "83,961" -46 14.5 55.6 56.3 43.6 83.1 0.489795918367347
"Montenegro" 0.802 76.2 15.2 11.2 "14,558" 27 15.2 84.2 94.7 43 57.3 0.736842105263158
"Belarus" 0.798 71.3 15.7 12 "16,676" 14 20.6 87 92.2 50.1 63.1 0.764331210191083
"Russian Federation" 0.798 70.1 14.7 12 "22,352" -1 25.7 89.6 92.5 57.1 71.7 0.816326530612245
"Oman" 0.793 76.8 13.6 8 "34,858" -23 10.6 47.2 57.1 29 82.6 0.588235294117647
"Romania" 0.793 74.7 14.2 10.8 "18,108" 10 31 86.1 92 48.7 64.9 0.76056338028169
"Uruguay" 0.793 77.2 15.5 8.5 "19,283" 7 58.3 54.4 50.3 55.6 76.8 0.548387096774194
"Bahamas" 0.79 75.4 12.6 10.9 "21,336" -3 28.5 91.2 87.6 69.3 79.3 0.865079365079365
"Kazakhstan" 0.788 69.4 15 11.4 "20,867" -1 29.9 95.3 98.8 67.7 77.9 0.76
"Barbados" 0.785 75.6 15.4 10.5 "12,488" 27 48.4 89.5 87.7 65.9 76.6 0.681818181818182
"Bulgaria" 0.782 74.2 14.4 10.6 "15,596" 13 35.9 93 95.7 47.9 59 0.736111111111111
"Panama" 0.78 77.6 13.3 9.3 "18,192" 1 78.5 54 49.9 49 81.8 0.699248120300752
"Malaysia" 0.779 74.7 12.7 10 "22,762" -14 5.7 65.1 71.3 44.4 75.5 0.78740157480315
"Mauritius" 0.777 74.4 15.6 8.5 "17,470" 0 30.9 49.4 58 43.6 74.2 0.544871794871795
"Trinidad and Tobago" 0.772 70.4 12.3 10.9 "26,090" -25 34.8 59.7 60.9 53 75.5 0.886178861788618
"Serbia" 0.771 74.9 14.4 10.5 "12,190" 20 16.9 58.4 73.6 44.5 60.9 0.729166666666667
"Cuba" 0.769 79.4 13.8 11.5 "7,301" 47 43.1 74.3 78.8 43.4 70 0.833333333333333
"Lebanon" 0.769 79.3 13.8 7.9 "16,509" -1 12 53 55.4 23.3 70.9 0.572463768115942
"Costa Rica" 0.766 79.4 13.9 8.4 "13,413" 10 60.8 50.7 50.5 46.6 79 0.60431654676259
"Iran (Islamic Republic of)" 0.766 75.4 15.1 8.2 "15,440" 4 31.6 62.2 67.6 16.6 73.6 0.543046357615894
"Venezuela (Bolivarian Republic of)" 0.762 74.2 14.2 8.9 "16,159" -2 83.2 56.6 50.8 51.1 79.2 0.626760563380282
"Turkey" 0.761 75.3 14.5 7.6 "18,677" -12 30.9 39 60 29.4 70.8 0.524137931034483
"Sri Lanka" 0.757 74.9 13.7 10.8 "9,779" 29 16.9 72.7 76.4 35.1 76.3 0.788321167883212
"Mexico" 0.756 76.8 13.1 8.5 "16,056" -4 63.4 55.7 60.6 45.1 79.9 0.648854961832061
"Brazil" 0.755 74.5 15.2 7.7 "15,175" -1 70.8 54.6 52.4 59.4 80.8 0.506578947368421
"Georgia" 0.754 74.9 13.8 12.1 "7,164" 40 46.8 89.7 92.7 56.5 75.1 0.876811594202898
"Azerbaijan" 0.751 70.8 11.9 11.2 "16,428" -11 40 93.7 97.4 62.9 69.6 0.941176470588235
"Jordan" 0.748 74 13.5 9.9 "11,365" 11 26.5 69.5 78.5 15.6 66.6 0.733333333333333
"The former Yugoslav Republic of Macedonia" 0.747 75.4 13.4 9.3 "11,780" 9 18.3 40.2 55.6 43.1 67.5 0.694029850746269
"Ukraine" 0.747 71 15.1 11.3 "8,178" 25 25.7 91.7 95.9 53.2 66.9 0.748344370860927
"Algeria" 0.736 74.8 14 7.6 "13,054" -1 10 26.7 31 15.2 72.2 0.542857142857143
"Peru" 0.734 74.6 13.1 9 "11,015" 8 50.7 56.3 66.1 68.2 84.4 0.687022900763359
"Albania" 0.733 77.8 11.8 9.3 "9,943" 14 15.3 81.8 87.9 44.9 65.5 0.788135593220339
"Armenia" 0.733 74.7 12.3 10.9 "8,124" 22 27.1 94 95 54.2 72.6 0.886178861788618
"Bosnia and Herzegovina" 0.733 76.5 13.6 8.3 "9,638" 19 15.1 44.9 69.8 34.1 57.3 0.610294117647059
"Ecuador" 0.732 75.9 14.2 7.6 "10,605" 7 77 40.1 39.4 54.7 82.7 0.535211267605634
"China" 0.727 75.8 13.1 7.5 "12,547" -7 8.6 58.7 71.9 63.9 78.3 0.572519083969466
"Fiji" 0.727 70 15.7 9.9 "7,493" 21 42.8 64.2 64.5 37.5 72 0.630573248407643
"Mongolia" 0.727 69.4 14.6 9.3 "10,729" 4 18.7 85.3 84.1 56.6 69.3 0.636986301369863
"Thailand" 0.726 74.4 13.5 7.3 "13,323" -13 41 35.7 40.8 64.3 80.7 0.540740740740741
"Libya" 0.724 71.6 14 7.3 "14,911" -19 2.5 55.5 41.9 30 76.4 0.521428571428571
"Tunisia" 0.721 74.8 14.6 6.8 "10,404" 1 4.6 32.8 46.1 25.1 70.9 0.465753424657534
"Colombia" 0.72 74 13.5 7.3 "12,040" -9 68.5 56.9 55.6 55.8 79.7 0.540740740740741
"Jamaica" 0.719 75.7 12.4 9.7 "7,415" 13 70.1 74 70.2 56.1 70.9 0.782258064516129
"Tonga" 0.717 72.8 14.7 10.7 "5,069" 32 18.1 87.5 88.3 53.5 74.6 0.727891156462585
"Belize" 0.715 70 13.6 10.5 "7,614" 9 71.4 76.4 75.8 49.2 82.3 0.772058823529412
"Dominican Republic" 0.715 73.5 13.1 7.6 "11,883" -12 99.6 55.6 53.1 51.3 78.6 0.580152671755725
"Suriname" 0.714 71.1 12.7 7.7 "15,617" -32 35.2 44.6 47.1 40.5 68.8 0.606299212598425
"Maldives" 0.706 76.8 13 5.8 "12,328" -19 4.2 27.3 32.7 56.2 77.5 0.446153846153846
"Samoa" 0.702 73.4 12.9 10.3 "5,327" 24 28.3 64.3 60 23.5 58.4 0.798449612403101
"Botswana" 0.698 64.5 12.5 8.9 "16,646" -41 44.2 73.6 77.9 71.9 81.6 0.712
"Moldova (Republic of)" 0.693 71.6 11.9 11.2 "5,223" 23 29.3 93.6 96.6 37.6 44.2 0.941176470588235
"Egypt" 0.69 71.1 13.5 6.6 "10,512" -12 43 43.9 60.6 23.7 74.8 0.488888888888889
"Gabon" 0.684 64.4 12.5 7.8 "16,367" -42 103 53.9 36.1 56.2 65.4 0.624
"Indonesia" 0.684 68.9 13 7.6 "9,788" -9 48.3 39.9 49.2 51.4 84.2 0.584615384615385
"Paraguay" 0.679 72.9 11.9 7.7 "7,643" -3 67 36.8 43 55.7 84.8 0.647058823529412
"Palestine, State of" 0.677 72.9 13 8.9 "4,699" 21 45.8 53.9 59.4 15.4 66.4 0.684615384615385
"Philippines" 0.668 68.2 11.3 8.9 "7,915" -7 46.8 65.9 63.7 51.1 79.7 0.787610619469027
"El Salvador" 0.666 73 12.3 6.5 "7,349" -3 76 36.8 43.6 47.8 79 0.528455284552846
"South Africa" 0.666 57.4 13.6 9.9 "12,122" -29 50.9 72.7 75.9 44.5 60.5 0.727941176470588
"Viet Nam" 0.666 75.8 11.9 7.5 "5,092" 15 29 59.4 71.2 73 82.2 0.630252100840336
"Bolivia (Plurinational State of)" 0.662 68.3 13.2 8.2 "5,760" 4 71.9 47.6 59.1 64.2 80.9 0.621212121212121
"Kyrgyzstan" 0.655 70.6 12.5 10.6 "3,044" 29 29.3 94.5 96.8 56 79.5 0.848
"Iraq" 0.654 69.4 10.1 6.4 "14,003" -44 68.7 27.8 50.2 14.9 69.8 0.633663366336634
"Guyana" 0.636 66.4 10.3 8.5 "6,522" -4 88.5 60.3 47.8 42.6 80.5 0.825242718446602
"Nicaragua" 0.631 74.9 11.5 6 "4,457" 12 100.8 39.4 38.3 47.4 80.3 0.521739130434783
"Morocco" 0.628 74 11.6 4.4 "6,850" -8 35.8 20.7 30.2 26.5 75.8 0.379310344827586
"Namibia" 0.628 64.8 11.3 6.2 "9,418" -21 54.9 33.3 34.4 54.7 63.7 0.548672566371681
"Guatemala" 0.627 71.8 10.7 5.6 "6,929" -11 97.2 21.9 23.2 49.3 88.2 0.523364485981308
"Tajikistan" 0.624 69.4 11.2 10.4 "2,517" 27 42.8 95.1 91.2 58.9 77.1 0.928571428571429
"India" 0.609 68 11.7 5.4 "5,497" -4 32.8 27 56.6 27 79.9 0.461538461538462
"Honduras" 0.606 73.1 11.1 5.5 "3,938" 7 84 28 25.8 42.8 82.9 0.495495495495495
"Bhutan" 0.605 69.5 12.6 3 "7,176" -17 40.9 34 34.5 66.7 77.2 0.238095238095238
"Syrian Arab Republic" 0.594 69.6 12.3 6.3 "2,728" 21 41.6 29.5 40.5 13.5 72.7 0.51219512195122
"Congo" 0.591 62.3 11.1 6.1 "6,012" -14 126.7 39.7 47 68.5 73 0.549549549549549
"Zambia" 0.586 60.1 13.5 6.6 "3,734" 2 125.4 25.8 44 73.1 85.6 0.488888888888889
"Ghana" 0.579 61.4 11.5 7 "3,852" -1 58.4 45.2 64.7 67.3 71.4 0.608695652173913
"Lao People's Democratic Republic" 0.575 66.2 10.6 5 "4,680" -6 65 22.9 37 76.3 79.1 0.471698113207547
"Bangladesh" 0.57 71.6 10 5.1 "3,191" 5 80.6 34.1 41.3 57.4 84.1 0.51
"Cambodia" 0.555 68.4 10.9 4.4 "2,949" 7 44.3 9.9 22.9 78.8 86.5 0.403669724770642
"Kenya" 0.548 61.6 11 6.3 "2,762" 9 93.6 25.3 31.4 62.2 72.4 0.572727272727273
"Nepal" 0.548 69.6 12.4 3.3 "2,311" 16 73.7 17.7 38.2 79.9 87.1 0.266129032258065
"Pakistan" 0.538 66.2 7.8 4.7 "4,866" -14 27.3 19.3 46.1 24.6 82.9 0.602564102564103
"Myanmar" 0.536 65.9 8.6 4.1 "4,608" -12 12.1 22.9 15.3 75.2 82.3 0.476744186046512
"Swaziland" 0.531 49 11.3 7.1 "5,542" -25 72 21.9 26 43.9 71.6 0.628318584070796
"Tanzania (United Republic of)" 0.521 65 9.2 5.1 "2,411" 8 122.7 5.6 9.5 88.1 90.2 0.554347826086957
"Cameroon" 0.512 55.5 10.4 6 "2,803" -1 115.8 21.3 34.9 63.8 76.8 0.576923076923077
"Zimbabwe" 0.509 57.5 10.9 7.3 "1,615" 13 60.3 48.7 62 83.2 89.7 0.669724770642202
"Mauritania" 0.506 63.1 8.5 3.8 "3,560" -14 73.3 8.3 20.9 28.7 79.1 0.447058823529412
"Papua New Guinea" 0.505 62.6 9.9 4 "2,463" -1 62.1 7.6 14.5 70.5 74 0.404040404040404
"Yemen" 0.498 63.8 9.2 2.6 "3,519" -17 47 8.6 26.7 25.4 72.2 0.282608695652174
"Lesotho" 0.497 49.8 11.1 5.9 "3,306" -16 89.4 21.9 19 59 73.5 0.531531531531532
"Togo" 0.484 59.7 12.2 4.5 "1,228" 17 91.5 16.1 40.3 80.6 81.3 0.368852459016393
"Haiti" 0.483 62.8 8.7 4.9 "1,669" 4 42 22.4 35.2 60.9 71 0.563218390804598
"Rwanda" 0.483 64.2 10.3 3.7 "1,458" 11 33.6 8 8.8 86.4 85.3 0.359223300970874
"Uganda" 0.483 58.5 9.8 5.4 "1,613" 6 126.6 22.9 33.5 75.8 79.2 0.551020408163265
"Benin" 0.48 59.6 11.1 3.3 "1,767" 0 90.2 11.3 27 67.6 78.3 0.297297297297297
"Sudan" 0.479 63.5 7 3.1 "3,809" -27 84 12.1 18.2 31.3 76 0.442857142857143
"Senegal" 0.466 66.5 7.9 2.5 "2,188" -8 94.4 7.2 15.4 66 88 0.316455696202532
"Afghanistan" 0.465 60.4 9.3 3.2 "1,885" -7 86.8 5.9 29.8 15.8 79.5 0.344086021505376
"Côte d'Ivoire" 0.462 51.5 8.9 4.3 "3,171" -24 130.3 14 30.1 52.4 81.4 0.48314606741573
"Malawi" 0.445 62.8 10.8 4.3 "747" 13 144.8 11.1 21.6 84.6 81.5 0.398148148148148
"Ethiopia" 0.442 64.1 8.5 2.4 "1,428" 2 78.4 7.8 18.2 78.2 89.3 0.282352941176471
"Gambia" 0.441 60.2 8.8 2.8 "1,507" -2 115.8 17.4 31.5 72.2 82.9 0.318181818181818
"Congo (Democratic Republic of the)" 0.433 58.7 9.8 6 "680" 11 135.3 12.8 32.4 70.7 73.2 0.612244897959184
"Liberia" 0.43 60.9 9.5 4.1 "805" 7 117.4 15.4 39.3 58.2 64.8 0.431578947368421
"Mali" 0.419 58 8.4 2 "1,583" -8 175.6 7.7 15.1 50.8 81.4 0.238095238095238
"Mozambique" 0.416 55.1 9.3 3.2 "1,123" 1 137.8 1.4 6.2 85.5 82.8 0.344086021505376
"Sierra Leone" 0.413 50.9 8.6 3.1 "1,780" -16 100.7 10 21.7 65.7 69 0.36046511627907
"Burkina Faso" 0.402 58.7 7.8 1.4 "1,591" -13 115.4 0.9 3.2 77.1 90 0.179487179487179
"Burundi" 0.4 56.7 10.1 2.7 "758" 1 30.3 5.3 8.3 83.3 82 0.267326732673267
"Chad" 0.392 51.6 7.4 1.9 "2,085" -22 152 1.7 9.9 64 79.2 0.256756756756757
"Central African Republic" 0.35 50.7 7.2 4.2 "581" 1 98.3 10.1 26.7 72.6 85.1 0.583333333333333
"Niger" 0.348 61.4 5.4 1.5 "908" -5 204.8 2.4 7.8 40 89.7 0.277777777777778
